%YAML:1.0
---
H_Min: 42
H_Max: 115
S_Min: 3
S_Max: 22
V_Min: 169
V_Max: 206
